[3,0] :=  ADD ([0,0]  : [1,1]) [2,1] ;
[2,0] :=  SUBT ([0,0]  : [1,1]) [1,1] ;
[2,0] :=  MULT ([0,0]  : [1,1]) [1,1] ;
[2,0] :=  DIV ([0,0]  : [1,1]) [1,1] ;
[2,0] :=   ADD [1,1] ([0,0]  : [1,1]) ;
[2,0] :=   SUBT [1,1] ([0,0]  : [1,1]) ;
[2,0] :=   MULT [1,1] ([0,0]  : [1,1]) ;
[2,0] :=   DIV [1,1] ([0,0]  : [1,1]) ;
[3,0] := ADD ([0,0]  : [1,1]) ([1,0] : [2,1] ) ;
[3,0] := SUBT ([0,0]  : [1,1]) ([1,0] : [2,1] ) ;
[3,0] := MULT ([0,0]  : [1,1]) ([1,0] : [2,1] ) ;
[3,0] := DIV ([0,0]  : [1,1]) ([1,0] : [2,1] ) ;
[2,0] :=  ADD ([0,0]  : [1,1]) 10.0 ;
[2,0] :=  SUBT ([0,0]  : [1,1]) 10.0 ;
[2,0] :=  MULT ([0,0]  : [1,1]) 10.0 ;
[2,0] :=  DIV ([0,0]  : [1,1]) 10.0 ;
[0,3] := COUNT ([0,0]:[2,2]) ;
[0,3] := ROWCOUNT ([0,0]:[2,2]) ;
[3,0] := COLCOUNT ([0,0]:[2,2]) ;
[0,3] := ROWAVG ([0,0]:[2,2]) ;
[3,0] := COLAVG ([0,0]:[2,2]) ;

